Proposed (len 601):
[ 65227.4202317   80426.09102151  90054.46896643 125029.61534367
 116513.84901904 107223.09645804  97169.45961375 101275.41733071
 100945.7586564  101017.47066723] ... [169361.42967115 166687.19801125 169173.64194124 170218.59091567
 168451.86019701 170319.66887389 169195.62542945 171656.06981695
 168593.96950447 168973.55253387]
Standard (len {len(q)}):
[ 57788.2382619   57335.08719239  82051.92049678  87262.08128523
  88424.02599015 102805.7249248  115238.11358213 106469.70320628
 113115.4967116   82171.32040095] ... [184253.11491078 184413.91399305 185531.64382239 185726.47766748
 185765.65422374 186297.42277115 183373.79672787 183891.81707503
 184994.958559   185767.29965805]
